async M 50 200 1000 100
30 58.812954109004124 11894.377254997036
45 87.88812755845446 10978.65382827437
60 108.50500692922466 9016.6803369011
75 139.54520561673456 8915.607119356328
90 147.55613673712682 9194.779700431644
105 173.73912765017704 9908.356766612605
120 198.45277788932015 8473.36723682687
135 201.25222662480022 7834.79705398091
150 244.79528719707918 9241.200716689282
165 222.04641162716413 8629.985917261185
180 258.3885274409845 8047.843516882994
195 259.89054608225354 7711.0096823260155
