nonBlocking N 1 10 5 200
1000 72.46724085714285 140.27815042857145
2000 85.08474966666667 150.63289233333333
3000 134.70596283333336 218.9047995
4000 181.05721633333334 285.3594035
5000 276.8665201428571 429.5189291428572
6000 399.417631 546.3379341666667
7000 516.4864874285714 675.729201
8000 719.1887660000001 915.6392320000001
9000 1091.0576563333334 1397.5411261666668
10000 1325.2949948333335 1594.4621651666669
11000 1368.0248001666669 1638.3854874999997
12000 1542.0203605 1884.0665228333335
13000 1791.613227666667 2161.8037433333334
14000 2390.274541666666 2862.814134
