blocking M 50 200 1000 100
30 71.96258917133798 13317.634242502869
45 124.64727303056952 14097.613539844395
60 132.71899762646925 10795.846749943708
75 142.95067639001718 13498.046774060693
90 217.27629289754856 10728.82785700396
105 213.85444073817516 10782.131518523858
120 206.76387698051255 10141.962850259989
135 231.38606350803056 11446.959122093338
150 312.79860139706454 13669.380112072486
165 295.10477050107204 12993.881416557397
180 302.3469171765665 11638.491455971176
195 351.2099118560441 11973.43135498043
