async N 1 10 5 200
1000 84.118505875 168.2968237142857
2000 72.84886371428571 161.814106
3000 128.35307849999998 225.235059
4000 175.901782 291.34911316666665
5000 237.3949555 398.53991866666667
6000 328.39095833333334 473.85700433333335
7000 500.64178616666663 699.0954106666667
8000 645.1430285 851.3986498333334
9000 785.5159023333334 1048.4938665000002
10000 950.9566675000001 1201.1530291666666
11000 1262.8631066666667 1561.5968575
12000 1746.302547 2165.570781833333
13000 1678.0711831666667 2057.2826106666666
14000 1954.4921956666667 2373.3001753333333
