blocking N 1 10 5 200
1000 136.33661020000002 535.5678846666666
2000 223.6677545714286 600.6354125000001
3000 337.2469423333333 831.3970323333333
4000 525.6388122857144 1120.2976793333332
5000 873.9287953333333 1359.674682
6000 1286.2856816666667 1945.2941380000002
7000 1703.9300396666665 2432.4081946666665
8000 2411.44291625 3213.8461835
9000 2975.429503 3863.265733166667
10000 4209.381944 5483.590562166667
11000 4352.673641333334 5593.901293166667
12000 5293.529579666668 6624.037579666667
13000 6181.976428166666 7724.6531546666665
14000 6916.290126333333 8425.27814
