nonBlocking M 50 200 1000 100
30 54.256028386542305 9688.623939172934
45 76.487535527116 9484.749421645456
60 96.95733440109983 9008.80925894921
75 118.51864672696873 8876.983066637868
90 133.19216470591817 7824.958622158914
105 161.7374679675519 8717.524975185792
120 137.58439696495066 7295.879597838355
135 183.54964902542676 8574.726255989326
150 216.7855531213909 8725.216703243066
165 175.95922747326543 7989.573494905013
180 221.0256579728022 7361.729387868474
195 198.96914494674763 6642.616915059466